hemmaodds: 220    235    190    185
Resultat   match1 match2 match3 match4
0-0        0.14   0.06   0.09   0.00
0-1        0.07   0.07   0.09   0.00
0-2        0.05   0.09   0.09   0.00
0-3        0.06   0.28   0.10   0.00
0-4        0.14   0.12   0.18   0.00
0-5        0.00   0.03   0.00   0.00
0-6        0.00   0.00   0.00   0.00
0-7        0.00   0.00   0.00   0.00
0-8        0.00   0.00   0.00   0.00
0-9        0.00   0.00   0.00   0.00
0-F        0.00   0.00   0.00   0.00
1-0        0.08   0.05   0.07   0.00
1-1        0.06   0.05   0.04   0.00
1-2        0.03   0.07   0.05   0.00
1-3        0.03   0.11   0.05   0.00
1-4        0.03   0.18   0.15   0.00
1-5        0.11   0.19   0.00   0.00
1-6        0.00   0.00   0.00   0.00
1-7        0.00   0.00   0.00   0.00
1-8        0.00   0.00   0.00   0.00
1-9        0.00   0.00   0.00   0.00
1-F        0.00   0.00   0.00   0.00
2-0        0.09   0.03   0.07   0.00
2-1        0.05   0.04   0.04   0.00
2-2        0.04   0.06   0.03   0.00
2-3        0.04   0.12   0.07   0.00
2-4        0.11   0.27   0.08   0.00
2-5        0.02   0.02   0.00   0.00
2-6        0.00   0.00   0.00   0.00
2-7        0.00   0.00   0.00   0.00
2-8        0.00   0.00   0.00   0.00
2-9        0.00   0.00   0.00   0.00
2-F        0.00   0.00   0.00   0.00
3-0        0.12   0.06   0.09   0.00
3-1        0.14   0.06   0.06   0.00
3-2        0.12   0.11   0.06   0.00
3-3        0.13   0.43   0.04   0.00
3-4        0.01   0.14   0.13   0.00
3-5        0.00   0.00   0.00   0.00
3-6        0.00   0.00   0.00   0.00
3-7        0.00   0.00   0.00   0.00
3-8        0.00   0.00   0.00   0.00
3-9        0.00   0.00   0.00   0.00
3-F        0.00   0.00   0.00   0.00
4-0        0.41   0.27   0.60   0.00
4-1        0.39   0.23   0.41   0.00
4-2        0.33   0.38   0.30   0.00
4-3        0.12   0.11   0.08   0.00
4-4        0.00   0.00   0.02   0.00
4-5        0.00   0.00   0.00   0.00
4-6        0.00   0.00   0.00   0.00
4-7        0.00   0.00   0.00   0.00
4-8        0.00   0.00   0.00   0.00
4-9        0.00   0.00   0.00   0.00
4-F        0.00   0.00   0.00   0.00
5-0        0.15   0.00   0.38   0.00
5-1        0.24   0.17   0.20   0.00
5-2        0.04   0.00   0.02   0.00
5-3        0.00   0.00   0.00   0.00
5-4        0.00   0.00   0.00   0.00
5-5        0.00   0.00   0.00   0.00
5-6        0.00   0.00   0.00   0.00
5-7        0.00   0.00   0.00   0.00
5-8        0.00   0.00   0.00   0.00
5-9        0.00   0.00   0.00   0.00
5-F        0.00   0.00   0.00   0.00
6-0        0.00   0.00   0.00   0.00
6-1        0.00   0.00   0.00   0.00
6-2        0.00   0.00   0.00   0.00
6-3        0.00   0.00   0.00   0.00
6-4        0.00   0.00   0.00   0.00
6-5        0.00   0.00   0.00   0.00
6-6        0.00   0.00   0.00   0.00
6-7        0.00   0.00   0.00   0.00
6-8        0.00   0.00   0.00   0.00
6-9        0.00   0.00   0.00   0.00
6-F        0.00   0.00   0.00   0.00
7-0        0.00   0.00   0.00   0.00
7-1        0.00   0.00   0.00   0.00
7-2        0.00   0.00   0.00   0.00
7-3        0.00   0.00   0.00   0.00
7-4        0.00   0.00   0.00   0.00
7-5        0.00   0.00   0.00   0.00
7-6        0.00   0.00   0.00   0.00
7-7        0.00   0.00   0.00   0.00
7-8        0.00   0.00   0.00   0.00
7-9        0.00   0.00   0.00   0.00
7-F        0.00   0.00   0.00   0.00
8-0        0.00   0.00   0.00   0.00
8-1        0.00   0.00   0.00   0.00
8-2        0.00   0.00   0.00   0.00
8-3        0.00   0.00   0.00   0.00
8-4        0.00   0.00   0.00   0.00
8-5        0.00   0.00   0.00   0.00
8-6        0.00   0.00   0.00   0.00
8-7        0.00   0.00   0.00   0.00
8-8        0.00   0.00   0.00   0.00
8-9        0.00   0.00   0.00   0.00
8-F        0.00   0.00   0.00   0.00
9-0        0.00   0.00   0.00   0.00
9-1        0.00   0.00   0.00   0.00
9-2        0.00   0.00   0.00   0.00
9-3        0.00   0.00   0.00   0.00
9-4        0.00   0.00   0.00   0.00
9-5        0.00   0.00   0.00   0.00
9-6        0.00   0.00   0.00   0.00
9-7        0.00   0.00   0.00   0.00
9-8        0.00   0.00   0.00   0.00
9-9        0.00   0.00   0.00   0.00
9-F        0.00   0.00   0.00   0.00
F-0        0.00   0.00   0.00   0.00
F-1        0.00   0.00   0.00   0.00
F-2        0.00   0.00   0.00   0.00
F-3        0.00   0.00   0.00   0.00
F-4        0.00   0.00   0.00   0.00
F-5        0.00   0.00   0.00   0.00
F-6        0.00   0.00   0.00   0.00
F-7        0.00   0.00   0.00   0.00
F-8        0.00   0.00   0.00   0.00
F-9        0.00   0.00   0.00   0.00
F-F        0.00   0.00   0.00   0.00
