




<!DOCTYPE html PUBLIC "-//W3C//DTD XHTML 1.1//EN" "http://www.w3.org/TR/xhtml11/DTD/xhtml11.dtd">
<html xmlns="http://www.w3.org/1999/xhtml" xml:lang="no">
<head>
<title>Norsk Tipping</title>
<meta http-equiv="Content-Type" content="text/html; charset=iso-8859-1" />
</head>
<body>
<script type="text/javascript">
<!--
try
{
if((top != null) && (top.tim_resetPageAge != null)) top.tim_resetPageAge();
}
catch(e)
{
}
if((parent != null) && (parent.bmb_addSegment != null))
{
var scoreTable = new Array(3);
scoreTable[0] = [[0,0,0,0,0,0,1,1,1,1,1,1,1,1,1,1,1,1,1,1,1,1,1,1,1,1,1,1,1,1,1,1,1,1,1,1,1,1,1,1,1,1,1,1,1,1,1,1,1,1,1,1,1,1,1,1,1,1,1,1,1,1,1,1,1,1,1,1,1,1,1,1,1,1,1,1,1,1,1,1,1,1,1,1,1,1,1,1,1,1,1,1,1,1,1,1,1,1,1,1,1,1,1,1,1,1,1,1,1,1,1,1,1,1,1,1,1,1,1,1,1,1,1,1,1,1,1,1,1,1,1,1,1,1,1,1,1,1,1,1,1,1,1,2,2,2,2,2,2,2,2,2,2,2,2,2,2,2,2,2,2,2,2,2,2,2,2,2,2,2,2,2,2,2,2,2,2,2,2,2,2,2,2,2,2,2,2,2,2,2,2,2,2,2,2,2,2,2,2,2,2,2,2,2,2,2,2,2,2,2,2,2,2,2,2,2,2,2,2,2,2,2,2,2,2,2,2,2,2,2,2,2,2,2,2,2,2,2,2,2,2,2,2,2,2,2,2,2,2,2,2,2,2,2,2,2,2,2,2,2,2,2,2,2,2,2,2,2,2,2,2,2,2,2,2,2,3,3,3,3,3,3,3,3,3,3,3,3,3,3,3,3,3,3,3,3,3,3,3,3,3,3,3,3,3,3,3,3,3,3,3,3,3,3,3,3,3,3,3,3,3,3,3,3,3,3,3,3,3,3,3,3,3,3,3,3,3,3,3,3,3,3,3,3,3,3,3,3,3,3,3,3,3,3,3,3,3,3,3,3,3,3,3,4,4,4,4,4,4,5,0,0,0,0,0,0,0,0,0,0,0,0,0,0,0,0,0,0,0,0,0,0,0,0,0,0,0,0,0,0,0,0,0,0,0,0,0,0,0,0,0,0,0,0,0,0,0,0,0,0,0,0,0,0,0,0,0,0,0,0,0,0,0,0,0,0,0,0,0,0,0,0,0,0,0,0,0,0,0,0,0,0,0,0,0,0,0,0,0,0,0,0,0,0,0,0,0,0,0,0,0,0,0,0,0,0,0,0,0,0,0,0,0,0,0,0,0,0,0,0,0,0,0,0,0,0,0,0,0,0,0,0,0,0,0,0,0,0,0,0,0,0,0,0,0,0,0,0,0,0,0,0,0,0,0,0,0,0,0,0,0,0,0,0,0,0,0,0,0,0,0,0,0,0,0,0,0,0,0,0,0,0,0,0,0,0,0,0,0,0,0,0,0,0,0,0,0,0,0,0,0,0,0,0,0,0,0,0,0,0,0,0,0,1,1,1,1,1,1,1,1,1,1,1,1,1,1,1,1,1], [6,6,6,6,6,7,0,0,0,0,0,0,0,0,0,0,0,0,0,0,0,0,0,0,0,0,0,0,0,0,0,1,1,1,1,1,1,1,1,1,1,1,1,1,1,1,1,1,1,1,1,1,1,1,1,1,1,2,2,2,2,2,2,2,2,2,2,2,2,2,2,2,2,2,2,2,2,2,3,3,3,3,3,3,3,3,3,3,3,3,3,3,3,3,3,3,4,4,4,4,4,4,4,4,4,4,4,4,4,4,4,4,4,4,4,4,4,4,5,5,5,5,5,5,5,5,5,5,5,5,5,5,5,5,5,5,5,5,5,5,5,5,5,0,0,0,0,0,0,0,0,0,0,0,0,0,0,0,0,0,0,0,0,1,1,1,1,1,1,1,1,1,1,1,1,1,1,1,1,1,1,1,1,1,1,1,1,1,1,1,1,2,2,2,2,2,2,2,2,2,2,2,2,2,2,2,2,2,2,2,2,2,3,3,3,3,3,3,3,3,3,3,3,3,3,3,3,3,3,3,3,3,4,4,4,4,4,4,4,4,4,4,4,4,4,4,4,4,4,4,4,4,4,4,4,4,4,4,4,4,4,5,5,5,5,5,5,5,5,5,5,5,5,5,5,6,0,0,0,0,0,0,0,0,0,0,0,0,0,0,1,1,1,1,1,1,1,1,1,1,1,1,1,1,1,1,1,1,1,2,2,2,2,2,2,2,2,2,2,2,2,2,2,2,2,2,2,2,2,2,2,2,2,2,3,3,3,3,3,3,3,3,3,3,3,3,3,3,3,3,3,3,3,3,3,3,4,4,4,4,5,5,5,1,1,1,2,2,4,1,0,0,0,0,0,0,0,0,0,0,0,0,0,0,0,0,0,0,0,0,0,0,0,0,0,0,0,0,0,1,1,1,1,1,1,1,1,1,1,1,1,1,1,1,1,1,1,1,1,1,1,1,1,1,1,1,1,2,2,2,2,2,2,2,2,2,2,2,2,2,2,2,2,2,2,2,2,2,2,2,2,2,2,2,2,2,2,2,2,2,2,2,2,2,2,2,2,2,2,2,2,3,3,3,3,3,3,3,3,3,3,3,3,3,3,3,3,3,3,3,3,3,3,3,3,3,4,4,4,4,4,4,4,4,4,4,4,4,4,4,4,4,4,4,4,4,4,4,4,4,4,4,4,4,4,4,4,4,4,4,4,5,5,5,5,5,5,5,5,5,5,5,5,5,5,5,5,5,5,5,5,5,5,5,5,5,5,5,5,5,5,5,5,5,5,5,5,5,6,6,6,6,6,6,6,6,6,6,6,6,6,6,6,0,0,0,0,0,0,0,0,0,0,0,0,0,0,0,0,0]];
scoreTable[1] = [[0,0,1,1,1,1,0,0,0,0,0,0,0,0,1,1,1,1,1,1,1,1,2,2,3,3,3,3,3,4,4,0,0,0,0,0,0,0,0,1,1,1,1,1,2,2,2,2,3,3,3,4,4,4,4,4,4,0,0,0,0,0,0,0,0,1,1,1,2,2,2,2,3,3,4,4,4,4,0,0,0,1,1,1,2,2,2,3,3,3,3,3,3,4,4,4,0,0,0,0,0,0,1,1,1,2,2,2,2,2,2,2,3,3,3,3,4,4,0,0,0,0,0,1,1,1,1,1,2,2,2,2,2,2,2,2,2,3,3,3,3,3,4,0,0,0,0,0,0,0,1,1,2,2,2,2,3,3,3,3,3,4,4,0,0,0,0,0,0,1,1,1,1,1,1,1,1,2,2,2,2,2,3,3,3,3,3,3,4,4,4,0,0,0,0,1,1,1,1,1,2,2,2,3,3,3,3,3,4,4,4,4,1,1,1,1,1,1,1,1,1,1,1,2,2,3,3,3,3,3,4,4,0,0,0,0,0,0,1,1,1,2,2,2,2,2,2,2,2,2,3,3,3,3,3,3,3,3,3,3,4,0,1,1,1,1,1,2,2,2,2,2,2,2,2,1,0,1,1,1,1,1,1,1,2,2,2,2,2,2,0,0,0,0,0,0,1,1,1,1,1,1,1,1,1,2,2,3,3,0,0,0,0,0,0,0,1,1,1,1,1,1,1,1,2,2,2,2,2,2,3,3,4,4,0,0,0,0,0,0,1,1,1,1,1,1,1,2,2,2,2,2,3,3,3,4,1,2,2,2,2,3,3,0,1,1,1,2,1,1,0,0,0,0,0,0,0,0,0,0,1,1,1,1,1,1,1,1,1,1,2,2,2,3,3,3,3,4,5,0,0,0,0,0,0,0,0,0,0,1,1,1,1,1,1,2,2,2,2,2,3,3,4,4,4,4,5,0,0,0,0,0,0,0,0,0,1,1,1,1,1,1,1,2,2,2,2,2,2,2,2,2,2,2,2,3,3,3,3,3,4,4,4,4,4,4,4,4,4,4,4,0,0,0,1,1,1,2,2,2,3,3,3,3,3,3,3,3,3,4,4,4,4,4,4,4,0,0,0,0,0,0,0,0,0,1,1,1,1,1,1,1,1,2,2,2,2,2,2,2,3,3,3,3,3,3,3,3,4,4,4,0,0,0,0,0,0,0,0,0,0,1,1,1,1,1,1,2,2,2,2,2,2,2,2,2,2,2,3,3,3,3,3,3,3,3,4,4,0,0,0,0,0,1,1,1,1,1,1,1,1,2,2,0,0,0,0,0,1,1,1,1,1,1,1,1,2,2,2,2], [0,1,0,0,1,1,0,0,1,1,2,2,3,3,0,0,1,1,2,3,3,4,2,2,0,1,2,2,2,0,1,0,1,2,2,3,3,3,3,0,1,1,3,3,1,3,3,3,2,2,3,0,0,0,2,2,2,0,1,1,2,2,2,3,3,0,1,2,0,2,3,3,2,3,0,1,1,2,1,2,3,0,2,2,1,1,2,0,2,3,3,3,3,0,2,2,0,1,1,1,2,3,0,1,3,0,2,2,2,3,3,3,0,0,1,2,0,0,0,1,1,1,1,0,0,0,2,2,0,0,0,1,1,1,2,3,3,0,1,2,2,3,0,0,0,1,2,2,3,3,1,2,2,2,3,3,0,0,1,1,1,1,1,1,1,1,2,3,3,0,1,2,2,3,3,3,3,0,2,2,3,3,0,0,2,2,2,3,0,1,1,0,0,0,2,0,2,2,3,3,1,3,3,1,1,2,2,3,0,1,2,2,0,0,0,1,1,2,2,3,3,3,3,3,3,0,1,1,2,3,0,0,0,0,1,1,1,2,0,0,2,0,0,0,1,2,2,3,3,3,0,0,1,1,1,2,2,2,2,2,1,1,0,1,1,1,1,0,0,0,0,1,1,1,2,1,1,0,0,0,0,1,2,2,1,2,2,2,2,2,0,0,0,2,2,2,0,0,0,0,0,1,2,2,3,2,3,1,2,0,0,0,2,2,2,2,0,0,1,1,1,1,2,2,0,0,0,1,2,3,0,2,0,1,0,0,1,1,1,2,0,1,1,1,1,2,2,0,0,1,2,3,0,0,1,0,1,1,1,2,2,1,1,1,0,0,0,0,1,1,0,0,1,3,3,3,3,3,3,3,0,0,1,1,3,3,3,3,3,3,0,1,3,0,2,2,2,0,1,0,0,2,2,2,3,3,3,3,3,0,1,1,1,3,3,1,1,2,2,2,0,2,1,1,1,2,1,0,1,1,2,2,2,3,3,3,0,2,2,3,3,4,4,0,0,1,1,1,1,2,2,3,3,3,3,0,0,2,2,2,0,0,0,0,0,1,1,1,1,2,2,3,3,3,0,2,3,0,2,3,1,2,2,2,2,2,2,3,3,0,0,0,0,2,2,2,0,0,1,2,3,3,3,3,3,0,0,0,1,1,2,2,3,0,0,1,2,2,3,3,0,0,1,1,1,1,2,2,0,2,2,0,0,0,1,1,1,2,2,2,3,0,0,0,0,1,2,0,0,0,1,1,1,1,2,2,2,3,0,0,0,0,1,1,2,2,0,0,0,0,0,1,2,0,0,1,1,1,1,1,2,0,0,1,1,3,3,4,0,0,1,2,2,3,3,4,0,0,2,3]];
scoreTable[2] = [[2,1,1,1,1,1,1,3,3,4,0,3,1,1,1,4,3,4,3,0,1,1,0,0,3,2,0,2,2,2,1,0,3,3,3,1,2,3,3,4,4,4,0,1,3,1,2,3,1,3,2,1,2,2,1,1,2,0,3,4,1,3,4,1,2,4,1,4,0,4,1,1,2,2,3,2,3,1,0,3,2,4,3,4,4,4,4,0,0,1,2,2,3,3,1,2,3,1,2,3,0,1,2,1,2,3,3,3,4,1,2,3,1,3,3,2,1,2,1,0,1,2,3,0,0,3,1,1,0,0,3,0,0,3,2,1,2,2,2,1,2,2,2,0,1,3,1,2,0,2,0,0,0,3,1,2,1,2,1,1,3,1,2,1,2,3,2,1,2,4,4,2,3,0,1,2,3,1,2,3,1,2,1,3,0,1,2,2,1,1,3,1,2,3,3,1,3,3,0,1,4,3,3,1,2,0,3,2,3,2,2,2,0,1,3,1,4,0,3,0,1,2,3,0,3,3,0,3,0,3,1,3,0,3,0,3,3,1,2,3,0,1,2,3,0,0,0,0,1,1,0,2,1,2,3,1,2,2,2,3,2,1,1,2,3,3,3,0,1,2,3,1,2,3,2,1,0,0,0,2,3,0,1,1,1,1,1,2,2,2,0,1,3,0,1,2,0,0,0,2,3,3,0,3,1,3,1,2,1,0,1,2,0,1,2,2,2,3,0,0,0,3,0,3,2,3,3,3,1,2,2,1,1,1,1,3,0,1,1,3,2,0,1,4,4,1,2,1,2,1,2,2,1,2,3,1,1,1,2,2,2,1,2,0,0,0,1,0,2,2,3,4,4,0,1,2,2,2,3,3,0,2,2,4,0,0,1,2,2,3,4,1,1,3,2,2,3,1,0,2,4,1,2,3,0,1,2,3,3,4,2,4,4,0,2,0,3,3,4,4,1,1,0,2,2,2,0,2,4,4,0,3,4,0,2,3,4,0,4,0,3,1,3,1,2,1,2,4,4,4,4,1,1,2,2,0,3,2,3,3,1,1,2,2,2,1,1,2,3,0,2,0,2,3,4,3,0,4,0,1,3,0,1,2,3,3,3,0,2,0,2,2,3,1,2,2,4,4,3,1,1,1,1,2,2,1,2,4,1,4,1,4,2,3,4,4,1,4,2,2,3,3,0,2,2,3,2,3,1,1,2,2,3,3,0,1,2,1,1,2,1,1,2,2,3,3,0,1,2,3,0,0,1,2,0,0,2,2,0,1,2,3,0,2,1,1,0,2,0,0,2,2,1,0,2,0,1,2,2,3,1,0,1,1,4,0,3,1,0,2,4,3,3,1,2,1,1,4,3,3], [1,1,0,1,0,1,3,1,2,1,2,1,0,1,4,0,3,0,2,0,2,0,1,2,1,2,1,0,2,1,1,3,3,2,3,2,1,0,1,1,2,3,0,3,3,2,2,1,3,2,0,1,1,2,0,1,2,3,3,1,3,2,1,0,0,2,4,1,3,1,0,2,3,1,2,0,1,0,3,2,1,0,3,1,0,1,0,3,0,3,1,2,3,2,1,1,2,3,3,2,0,1,4,4,0,3,0,3,2,2,3,2,0,0,3,0,2,2,3,2,3,3,1,0,3,1,1,2,0,3,0,0,3,0,3,1,2,1,1,1,2,2,1,1,2,0,0,2,0,0,3,0,2,1,1,2,0,2,1,2,2,0,1,3,3,3,3,1,1,1,0,3,0,0,0,0,1,3,3,3,0,1,2,2,0,2,0,1,0,1,0,3,3,0,0,4,0,3,2,0,2,2,3,3,3,2,3,3,1,0,0,1,3,4,3,4,1,3,3,1,2,3,1,2,1,2,0,3,0,2,0,0,3,2,3,1,2,2,3,2,2,3,3,0,3,0,2,1,1,2,1,2,0,0,2,2,1,2,3,1,2,1,1,3,0,2,3,2,3,1,1,2,2,0,2,1,1,0,1,2,1,0,0,2,2,0,1,0,1,2,0,0,1,0,0,0,0,1,2,1,0,2,1,2,2,3,1,0,2,0,2,2,0,2,0,1,2,0,0,1,3,2,0,2,0,0,2,0,0,3,2,0,1,1,0,1,0,0,2,1,2,2,3,0,1,1,1,2,1,0,1,3,1,1,1,1,1,2,1,2,2,2,2,1,0,1,1,0,2,0,3,0,0,0,1,0,1,2,0,1,3,4,3,1,0,1,2,0,2,2,1,3,1,2,0,1,1,1,0,4,2,3,3,3,1,0,1,0,1,3,4,2,3,0,2,3,3,3,0,1,3,3,0,0,2,0,0,4,1,2,3,3,1,3,2,0,2,3,1,0,2,1,1,4,4,4,4,0,1,0,2,0,2,2,3,3,3,3,2,3,0,1,0,1,2,0,2,2,1,0,1,0,3,0,1,3,0,1,3,0,3,2,3,3,0,1,2,1,1,1,0,2,1,2,1,2,1,2,2,3,1,2,3,0,1,4,4,1,4,1,3,0,0,3,1,0,3,0,1,2,0,2,3,0,3,0,0,2,0,1,1,3,0,1,0,3,3,1,3,0,3,4,3,4,1,0,1,3,3,1,0,3,3,3,1,2,1,2,3,3,3,1,2,0,1,2,1,1,0,2,2,1,1,1,0,2,3,1,2,1,1,1,1,3,0,1,1,0,4,4,2,0,1,1,0,2,3,1,2,1]];
var oddsTable = new Array(10947.6,10947.6,10947.6,10947.6,10947.6,10947.6,10947.6,10947.6,10947.6,10947.6,10947.6,10947.6,10947.6,10947.6,10947.6,10947.6,10947.6,10947.6,10947.6,10947.6,10947.6,10947.6,10947.6,10947.6,10947.6,10947.6,10947.6,10947.6,10947.6,10947.6,10947.6,10947.6,10947.6,10947.6,10947.6,10947.6,10947.6,10947.6,10947.6,10947.6,10947.6,10947.6,10947.6,10947.6,10947.6,10947.6,10947.6,10947.6,10947.6,10947.6,10947.6,10947.6,10947.6,10947.6,10947.6,10947.6,10947.6,10947.6,10947.6,10947.6,10947.6,10947.6,10947.6,10947.6,10947.6,10947.6,10947.6,10947.6,10947.6,10947.6,10947.6,10947.6,10947.6,10947.6,10947.6,10947.6,10947.6,10947.6,10947.6,10947.6,10947.6,10947.6,10947.6,10947.6,10947.6,10947.6,10947.6,10947.6,10947.6,10947.6,10947.6,10947.6,10947.6,10947.6,10947.6,10947.6,10947.6,10947.6,10947.6,10947.6,10947.6,10947.6,10947.6,10947.6,10947.6,10947.6,10947.6,10947.6,10947.6,10947.6,10947.6,10947.6,10947.6,10947.6,10947.6,10947.6,10947.6,10947.6,10947.6,10947.6,10947.6,10947.6,10947.6,10947.6,10947.6,10947.6,10947.6,10947.6,10947.6,10947.6,10947.6,10947.6,10947.6,10947.6,10947.6,10947.6,10947.6,10947.6,10947.6,10947.6,10947.6,10947.6,10947.6,10947.6,10947.6,10947.6,10947.6,10947.6,10947.6,10947.6,10947.6,10947.6,10947.6,10947.6,10947.6,10947.6,10947.6,10947.6,10947.6,10947.6,10947.6,10947.6,10947.6,10947.6,10947.6,10947.6,10947.6,10947.6,10947.6,10947.6,10947.6,10947.6,10947.6,10947.6,10947.6,10947.6,10947.6,10947.6,10947.6,10947.6,10947.6,10947.6,10947.6,10947.6,10947.6,10947.6,10947.6,10947.6,10947.6,10947.6,10947.6,10947.6,10947.6,10947.6,10947.6,10947.6,10947.6,10947.6,10947.6,10947.6,10947.6,10947.6,10947.6,10947.6,10947.6,10947.6,10947.6,10947.6,10947.6,10947.6,10947.6,10947.6,10947.6,10947.6,10947.6,10947.6,10947.6,10947.6,10947.6,10947.6,10947.6,10947.6,10947.6,10947.6,10947.6,10947.6,10947.6,10947.6,10947.6,10947.6,10947.6,10947.6,10947.6,10947.6,10947.6,10947.6,10947.6,10947.6,10947.6,10947.6,10947.6,10947.6,10947.6,10947.6,10947.6,10947.6,10947.6,10947.6,10947.6,10947.6,10947.6,10947.6,10947.6,10947.6,10947.6,10947.6,10947.6,10947.6,10947.6,10947.6,10947.6,10947.6,10947.6,10947.6,10947.6,10947.6,10947.6,10947.6,10947.6,10947.6,10947.6,10947.6,10947.6,10947.6,10947.6,10947.6,10947.6,10947.6,10947.6,10947.6,10947.6,10947.6,10947.6,10947.6,10947.6,10947.6,10947.6,10947.6,10947.6,10947.6,10947.6,10947.6,10947.6,10947.6,10947.6,10947.6,10947.6,10947.6,10947.6,10947.6,10947.6,10947.6,10947.6,10947.6,10947.6,10947.6,10947.6,10947.6,10947.6,10947.6,10947.6,10947.6,10947.6,10947.6,10947.6,10947.6,10947.6,10947.6,10947.6,10947.6,10947.6,10947.6,10947.6,10947.6,10947.6,10947.6,10947.6,10947.6,10947.6,10947.6,10947.6,10947.6,10947.6,10947.6,10947.6,10947.6,10947.6,10947.6,10947.6,10947.6,10947.6,10947.6,10947.6,10947.6,10947.6,10947.6,10947.6,10947.6,10947.6,10947.6,10947.6,10947.6,10947.6,10947.6,10947.6,10947.6,10947.6,10947.6,10947.6,10947.6,10947.6,10947.6,10947.6,10947.6,10947.6,10947.6,10947.6,10947.6,10947.6,10947.6,14596.80,14596.80,14596.80,14596.80,14596.80,14596.80,14596.80,14596.80,14596.80,14596.80,14596.80,14596.80,14596.80,14596.80,14596.80,14596.80,14596.80,14596.80,14596.80,14596.80,14596.80,14596.80,14596.80,14596.80,14596.80,14596.80,14596.80,14596.80,14596.80,14596.80,14596.80,14596.80,14596.80,14596.80,14596.80,14596.80,14596.80,14596.80,14596.80,14596.80,14596.80,14596.80,14596.80,14596.80,14596.80,14596.80,14596.80,14596.80,14596.80,14596.80,14596.80,14596.80,14596.80,14596.80,14596.80,14596.80,14596.80,14596.80,14596.80,14596.80,14596.80,14596.80,14596.80,14596.80,14596.80,14596.80,14596.80,14596.80,14596.80,14596.80,14596.80,14596.80,14596.80,14596.80,14596.80,14596.80,14596.80,14596.80,14596.80,14596.80,14596.80,14596.80,14596.80,14596.80,14596.80,14596.80,14596.80,14596.80,14596.80,14596.80,14596.80,14596.80,14596.80,14596.80,14596.80,14596.80,14596.80,14596.80,14596.80,14596.80,14596.80,14596.80,14596.80,14596.80,14596.80,14596.80,14596.80,14596.80,14596.80,14596.80,14596.80,14596.80,14596.80,14596.80,14596.80,14596.80,14596.80,14596.80,14596.80,14596.80,14596.80,14596.80,14596.80,14596.80,14596.80,14596.80,14596.80,14596.80,14596.80,14596.80,14596.80,14596.80,14596.80,14596.80,14596.80,14596.80,14596.80,14596.80,14596.80,14596.80,14596.80,14596.80,14596.80,14596.80,14596.80,14596.80,14596.80,14596.80,14596.80,14596.80,14596.80,14596.80,14596.80,14596.80,14596.80,14596.80,14596.80,14596.80,14596.80,14596.80,14596.80,14596.80,14596.80,14596.80,14596.80,14596.80,14596.80,14596.80,14596.80,14596.80,14596.80,14596.80,14596.80,14596.80,14596.80,14596.80,14596.80,14596.80,14596.80,14596.80,14596.80,14596.80,14596.80,14596.80,14596.80,14596.80,14596.80,14596.80,14596.80,14596.80,14596.80,14596.80,14596.80,14596.80,14596.80,14596.80,14596.80,14596.80,14596.80,14596.80,14596.80,14596.80,14596.80,14596.80,14596.80,14596.80,14596.80,14596.80,14596.80,14596.80,14596.80,14596.80,14596.80,14596.80,14596.80,14596.80,14596.80,14596.80,14596.80,14596.80,14596.80,14596.80,14596.80,14596.80,14596.80,14596.80,14596.80,14596.80,14596.80,14596.80);
parent.bmb_addSegment('3757', '16', '600', '9159', '5', '5', scoreTable, oddsTable, '18:00<span class="seconds">.15</span>', 162.19, 43790.4, 72655, -1);

}
// -->
</script>
</body>
</html>










